- name: 1번 환자
  paths: ['37.25400, 126.59302', '37.23374, 126.55239', '37.012345, 127.259493']
  mapid: 1
